5
6 8
1 2 3 1 3 2 6 9
4 5 6 7 9 10 12 14
100 2 4 7 15 20 21 27
1 2 3 1 2 4 5 7
1 2 3 5 7 9 10 11
12 15 18 19 20 21 22 25
6 8
1 2 30 1 3 2 6 9
4 5 600 7 9 10 12 14
1 20 4 70 15 20 21 27
1 2 3 1 2 4 5 7
1 2 3 5 7 9 10 11
12 15 18 19 20 21 22 25
6 8
1 20 30 100 3 2 6 9
4 5 600 7 9 10 12 14
1 2 4 7 15 20 21 27
1 2 3 1 2 4 5 7
1 2 3 5 7 9 10 11
12 15 18 19 20 21 22 25
6 8
1 2 3 1 3 2 6 9
4 5 60 7 9 10 12 14
1 2 400 7 15 20 21 27
1 27 3 10 2 4 5 7
1 2 3 5 7 9 10 11
12 15 18 19 20 21 22 25
6 8
1 2 3 1 3 2 6 9
4 50 600 70 9 10 12 14
1 2 40 7 15 20 21 27
1 2 3 1 2 4 5 7
1 2 3 5 7 9 10 11
12 15 18 19 20 21 22 25